29
29
35
28
28
28
30
29
28
28
28
28
28
27
28
29
29
29
29
27
29
27
29
30
30
28
29
29
28
26
29
29
29
28
30
27
30
28
29
27
29
28
30
30
30
30
27
28
34
30
30
28
29
33
23
30
29
27
28
28
29
28
29
28
29
29
30
29
30
28
29
29
30
29
29
31
28
29
30
28
27
30
29
29
28
29
29
29
28
29
28
29
30
28
28
26
29
31
31
29
30
29
29
29
31
30
29
31
29
29
28
28
28
29
28
25
29
27
29
28
27
30
28
29
27
28
28
28
31
29
28
28
29
25
27
29
28
29
31
29
28
29
31
29
29
29
28
28
28
29
28
28
27
30
28
29
29
29
28
29
28
26
29
27
31
29
30
30
29
30
29
28
32
30
30
30
24
30
29
29
31
29
30
28
29
25
29
28
27
28
28
32
30
29
29
29
30
29
29
30
29
29
32
30
29
30
30
28
35
29
29
30
27
27
29
27
30
29
27
26
35
31
29
27
32
29
29
28
28
29
30
27
30
27
29
29
27
28
27
30
28
29
31
32
23
28
29
30
29
30
28
28
26
29
28
28
27
29
27
26
28
30
28
28
24
30
30
29
31
29
30
29
29
31
29
29
18
30
28
28
30
30
29
30
25
28
28
29
26
32
29
30
28
29
27
29
29
29
29
35
29
30
29
30
33
29
29
30
30
29
25
30
29
30
29
34
26
28
29
28
31
29
29
30
29
30
28
27
28
28
28
29
28
30
29
30
29
29
29
30
30
29
30
31
29
30
30
28
28
27
29
28
29
29
29
34
30
28
29
28
28
28
30
29
29
29
32
28
29
28
28
29
30
28
29
29
29
30
29
29
29
34
28
29
30
30
24
29
29
28
30
34
28
28
29
30
28
28
28
28
29
30
30
28
29
29
36
29
30
27
35
30
30
29
29
29
30
28
29
27
29
27
28
29
28
