22
25
26
26
25
25
26
26
24
27
23
27
24
28
23
28
22
25
24
28
23
28
22
28
21
30
21
33
20
31
20
30
20
30
20
31
21
31
20
29
22
29
23
27
23
25
24
28
23
27
24
32
23
28
24
27
25
31
24
25
26
25
25
25
20
26
25
25
26
24
26
24
27
24
26
24
27
23
26
24
27
23
28
24
26
23
28
22
28
21
30
21
29
21
30
21
30
20
30
20
30
20
30
20
30
20
29
22
29
22
28
22
28
24
28
24
27
23
27
24
27
25
27
24
27
27
27
24
26
25
25
24
26
24
24
25
24
27
24
26
25
26
24
27
24
27
24
28
23
27
24
27
23
27
24
28
22
28
22
29
21
30
21
29
20
29
20
36
19
31
21
29
20
30
21
29
22
29
22
27
23
26
24
27
25
28
24
27
25
28
24
26
25
26
26
26
24
25
25
26
24
24
26
26
26
24
26
24
25
24
26
25
26
25
27
24
28
23
27
24
27
23
27
21
27
23
28
23
29
22
29
21
29
21
30
22
31
21
31
20
28
20
30
20
30
21
28
22
29
22
28
23
26
23
27
23
27
24
27
24
27
24
28
25
26
26
27
24
27
26
25
25
25
26
26
25
24
26
26
24
24
28
25
26
25
26
23
27
23
25
25
27
25
28
23
28
24
28
24
27
23
28
23
29
22
29
21
30
21
31
20
31
21
30
20
30
20
30
20
30
20
30
22
29
23
28
22
28
23
29
24
28
24
28
24
26
25
27
25
29
25
28
25
26
25
27
23
30
26
26
25
23
25
25
27
27
25
25
25
24
26
25
25
24
25
24
26
24
27
24
27
24
27
23
27
23
27
23
28
23
28
24
29
22
29
20
30
22
29
21
30
22
30
18
33
20
31
22
29
21
30
20
30
21
29
25
27
22
28
23
27
23
26
24
27
24
29
24
31
27
27
24
26
24
27
24
27
25
23
25
25
25
24
25
25
22
25
27
24
26
25
27
24
27
24
26
25
27
23
26
23
27
21
28
24
27
22
28
23
28
23
29
23
30
22
29
21
29
20
30
20
32
20
30
19
29
20
30
16
30
21
29
21
28
22
29
22
28
23
28
24
27
24
27
23
25
24
27
24
27
25
26
24
26
25
28
25
26
26
25
25
26
27
26
26
25
26
24
25
25
27
25
26
24
27
24
26
23
27
23
30
23
27
23
27
23
28
23
28
23
29
22
30
22
30
20
32
21
30
20
32
21
31
21
31
21
31
21
28
21
29
21
30
22
29
24
27
24
27
24
28
24
27
23
27
24
27
23
26
23
26
24
26
26
28
23
25
24
25
25
25
25
24
26
25
26
23
26
25
26
25
26
25
27
23
27
24
26
23
23
23
28
23
28
24
27
23
28
23
28
23
28
22
29
21
29
21
30
21
31
20
31
20
30
20
31
21
30
21
30
19
29
21