484
625
676
676
625
625
676
676
576
729
529
729
576
784
529
784
484
625
576
784
529
784
484
784
441
900
441
1089
400
961
400
900
400
900
400
961
441
961
400
841
484
841
529
729
529
625
576
784
529
729
576
1024
529
784
576
729
625
961
576
625
676
625
625
625
400
676
625
625
676
576
676
576
729
576
676
576
729
529
676
576
729
529
784
576
676
529
784
484
784
441
900
441
841
441
900
441
900
400
900
400
900
400
900
400
900
400
841
484
841
484
784
484
784
576
784
576
729
529
729
576
729
625
729
576
729
729
729
576
676
625
625
576
676
576
576
625
576
729
576
676
625
676
576
729
576
729
576
784
529
729
576
729
529
729
576
784
484
784
484
841
441
900
441
841
400
841
400
1296
361
961
441
841
400
900
441
841
484
841
484
729
529
676
576
729
625
784
576
729
625
784
576
676
625
676
676
676
576
625
625
676
576
576
676
676
676
576
676
576
625
576
676
625
676
625
729
576
784
529
729
576
729
529
729
441
729
529
784
529
841
484
841
441
841
441
900
484
961
441
961
400
784
400
900
400
900
441
784
484
841
484
784
529
676
529
729
529
729
576
729
576
729
576
784
625
676
676
729
576
729
676
625
625
625
676
676
625
576
676
676
576
576
784
625
676
625
676
529
729
529
625
625
729
625
784
529
784
576
784
576
729
529
784
529
841
484
841
441
900
441
961
400
961
441
900
400
900
400
900
400
900
400
900
484
841
529
784
484
784
529
841
576
784
576
784
576
676
625
729
625
841
625
784
625
676
625
729
529
900
676
676
625
529
625
625
729
729
625
625
625
576
676
625
625
576
625
576
676
576
729
576
729
576
729
529
729
529
729
529
784
529
784
576
841
484
841
400
900
484
841
441
900
484
900
324
1089
400
961
484
841
441
900
400
900
441
841
625
729
484
784
529
729
529
676
576
729
576
841
576
961
729
729
576
676
576
729
576
729
625
529
625
625
625
576
625
625
484
625
729
576
676
625
729
576
729
576
676
625
729
529
676
529
729
441
784
576
729
484
784
529
784
529
841
529
900
484
841
441
841
400
900
400
1024
400
900
361
841
400
900
256
900
441
841
441
784
484
841
484
784
529
784
576
729
576
729
529
625
576
729
576
729
625
676
576
676
625
784
625
676
676
625
625
676
729
676
676
625
676
576
625
625
729
625
676
576
729
576
676
529
729
529
900
529
729
529
729
529
784
529
784
529
841
484
900
484
900
400
1024
441
900
400
1024
441
961
441
961
441
961
441
784
441
841
441
900
484
841
576
729
576
729
576
784
576
729
529
729
576
729
529
676
529
676
576
676
676
784
529
625
576
625
625
625
625
576
676
625
676
529
676
625
676
625
676
625
729
529
729
576
676
529
529
529
784
529
784
576
729
529
784
529
784
529
784
484
841
441
841
441
900
441
961
400
961
400
900
400
961
441
900
441
900
361
841
441
